0 0 0 0 0 0 0 0 0 0 0 0 0 0 0 0 0 0 0 0 0 0 0 0 0 0 0 0 1 0 2 10 28 58 169 295 431 661 823 795 643 529 349 267 169 120 113 80 51 53 58 40 47 35 29 34 21 17 15 6 15 11 15 5 10 12 9 5 6 11 10 5 7 3 3 5 2 4 1 1 3 1 3 2 2 5 2 4 3 3 2 2 0 3 1 3 2 4 0 2 2 4 0 3 3 3 1 0 1 1 4 0 0 3 0 1 1 1 1 5 2 0 1 3 1 0 1 1 1 3 0 2 1 4 0 0 1 2 0 1 1 0 0 0 3 3 1 4 1 1 2 2 3 0 0 0 0 0 1 1 1 0 0 0 1 0 0 0 0 0 1 0 0 0 0 1 0 1 0 0 0 1 0 1 1 0 1 0 2 1 0 0 2 1 1 7 1 0 0 0 0 0 0 0 0 0 0 0 0 0 0 0 0 0 0 0 0 0 0 0 0 0 0 0 0 0 0 0 0 0 0 0 0 0 0 0 0 0 0 0 0 0 0 0 0 0 0 0 0 0 0 0 0 0 0 0 
0 0 0 0 0 0 0 0 0 0 0 0 0 0 0 0 0 0 0 0 0 0 0 0 0 0 0 0 0 0 0 0 0 0 0 0 0 0 1 1 0 0 0 1 0 0 1 4 2 1 1 2 1 3 3 0 0 4 1 2 1 2 3 2 1 1 0 4 0 1 0 1 1 4 3 1 2 0 4 1 1 1 2 1 0 1 1 4 0 1 0 2 0 0 1 1 2 0 1 1 1 1 0 0 0 1 0 0 1 0 2 1 3 0 0 0 0 2 2 2 0 0 2 1 6 0 1 3 4 4 3 3 2 5 1 2 3 2 2 3 4 2 2 6 5 7 1 5 3 3 1 6 4 7 2 4 4 4 3 5 3 5 4 3 5 4 5 9 4 9 5 2 3 2 5 3 4 3 5 7 3 4 0 3 4 6 5 6 8 7 4 7 8 7 8 11 9 12 15 33 121 641 1664 1963 1082 251 35 9 3 1 0 0 0 0 0 0 0 0 0 0 0 0 0 0 0 0 0 0 0 0 0 0 0 0 0 0 0 0 0 0 0 0 0 0 0 0 0 0 0 0 0 0 0 0 0 0 
0 0 0 0 0 0 0 0 0 0 0 0 0 0 0 0 0 0 2 7 11 12 43 68 105 99 135 131 98 96 90 112 233 389 645 620 524 415 295 224 249 158 111 76 82 81 58 64 52 39 44 46 30 21 28 29 19 22 22 27 17 17 20 14 22 14 11 15 10 5 15 9 8 12 10 14 10 5 9 8 5 3 7 5 8 6 3 5 4 3 4 2 2 3 5 0 1 5 6 5 2 1 8 5 4 2 4 4 0 0 2 2 1 1 3 2 2 2 3 2 3 4 1 2 1 2 4 3 2 1 3 1 2 4 6 0 2 0 2 2 1 6 0 5 5 0 4 1 1 3 1 4 3 2 3 1 5 4 2 1 4 5 1 2 1 5 4 2 6 4 0 1 1 0 5 2 1 2 1 3 2 2 1 0 0 1 2 0 0 1 1 0 0 1 0 0 1 2 5 2 4 3 12 27 17 6 7 5 3 0 0 0 0 0 0 0 0 0 0 0 0 0 0 0 0 0 0 0 0 0 0 0 0 0 0 0 0 0 0 0 0 0 0 0 0 0 0 0 0 0 0 0 0 0 0 0 
0 0 0 0 0 0 0 0 0 0 0 0 0 0 0 0 0 0 0 0 0 0 0 0 0 0 0 0 0 0 0 0 0 0 0 0 0 0 0 0 0 0 0 0 0 0 0 1 1 3 2 2 5 5 2 5 4 3 5 6 2 2 4 7 0 1 0 2 2 0 1 2 0 2 2 1 1 1 0 1 0 0 0 0 0 0 0 0 0 0 0 0 0 0 0 0 1 0 0 0 0 0 0 0 0 0 0 0 0 0 1 0 0 0 1 2 0 2 1 2 0 0 3 1 3 2 0 1 0 0 0 2 1 0 4 3 1 1 1 1 3 2 7 5 4 8 0 5 1 3 4 2 3 5 2 6 4 5 5 5 8 6 9 13 16 10 27 9 5 1 10 8 9 9 5 10 10 13 8 9 9 8 7 3 9 2 5 5 5 16 12 4 12 16 15 16 8 9 14 16 34 59 165 751 2376 1725 423 99 28 4 2 1 0 0 0 0 0 0 0 0 0 0 0 0 0 0 0 0 0 0 0 0 0 0 0 0 0 0 0 0 0 0 0 0 0 0 0 0 0 0 0 0 0 0 0 0 
0 0 0 0 0 0 0 0 0 0 0 0 0 0 0 0 0 0 0 0 0 0 0 0 0 0 0 3 19 56 170 382 701 925 951 720 475 341 256 153 101 84 60 23 33 27 26 11 17 25 12 12 14 13 14 6 10 4 3 2 3 4 8 9 3 4 3 0 3 1 1 2 3 0 0 3 3 4 1 5 5 2 5 5 5 2 3 4 3 5 1 2 5 1 1 4 3 3 1 2 0 3 5 4 4 2 0 2 1 0 1 0 0 1 2 1 0 2 1 0 1 2 3 2 3 1 2 0 1 1 2 0 1 4 2 2 1 4 7 0 4 2 2 0 3 1 4 1 5 3 1 4 2 4 2 2 2 2 2 3 3 2 0 6 5 2 4 4 1 3 2 2 3 2 3 1 2 0 3 2 3 3 2 2 2 3 4 7 6 0 3 6 4 4 1 3 2 2 4 2 9 11 25 27 41 37 45 21 14 9 1 0 0 0 0 0 0 0 0 0 0 0 0 0 0 0 0 0 0 0 0 0 0 0 0 0 0 0 0 0 0 0 0 0 0 0 0 0 0 0 0 0 0 0 0 0 
0 0 0 0 0 0 0 0 0 0 0 0 0 0 0 0 0 0 0 0 1 6 6 17 33 52 71 109 148 229 228 216 190 168 122 92 76 62 56 62 58 56 42 37 39 41 45 54 37 35 36 32 28 16 18 20 23 11 19 16 12 12 9 7 7 7 9 7 5 8 6 13 7 8 12 5 12 4 8 6 6 5 4 3 1 6 2 4 1 2 3 6 5 2 4 8 4 4 5 4 3 6 2 6 5 5 6 4 9 2 2 4 2 0 2 2 3 8 3 3 1 5 3 1 7 2 9 4 7 2 10 6 4 8 4 8 4 3 4 8 4 6 5 6 6 4 9 9 13 5 8 8 5 10 8 11 8 6 8 2 8 8 7 6 6 5 7 9 11 9 15 5 5 14 9 10 7 6 13 11 15 13 10 16 17 10 17 17 13 11 14 8 17 10 18 25 23 34 45 61 120 200 432 619 754 307 58 7 7 3 1 0 0 0 0 0 0 0 0 0 0 0 0 0 0 0 0 0 0 0 0 0 0 0 0 0 0 0 0 0 0 0 0 0 0 0 0 0 0 0 0 0 0 0 0 0 
0 0 0 0 0 0 0 0 0 0 0 0 0 0 0 0 1 13 19 50 49 68 80 99 113 110 143 168 210 237 252 291 288 335 377 366 300 271 204 170 146 116 114 101 93 99 70 69 75 69 48 53 38 36 32 37 32 37 25 29 24 17 24 25 26 20 19 17 10 10 10 13 15 5 8 10 8 5 5 4 10 10 2 4 3 7 1 2 7 4 3 2 4 1 4 5 2 2 1 4 0 1 2 3 0 3 0 0 0 0 1 2 2 0 0 0 3 3 0 3 2 1 0 3 1 2 0 2 5 8 7 1 1 2 4 1 3 1 4 0 2 6 1 3 0 2 2 1 3 4 2 2 1 0 3 2 2 2 3 3 6 8 11 6 13 8 4 4 9 3 5 6 4 3 2 4 5 2 4 6 1 1 3 5 6 5 3 7 2 8 2 4 3 3 7 3 1 2 2 14 13 20 4 1 2 4 1 0 0 0 0 0 0 0 0 0 0 0 0 0 0 0 0 0 0 0 0 0 0 0 0 0 0 0 0 0 0 0 0 0 0 0 0 0 0 0 0 0 0 0 0 0 0 0 0 0 
0 0 0 0 0 0 0 0 0 0 0 0 0 0 0 0 0 5 4 8 13 10 7 21 18 18 15 21 33 39 60 77 81 93 119 80 76 58 50 64 70 53 49 37 39 38 35 33 48 30 31 31 16 23 14 14 6 7 6 6 10 6 2 5 2 5 4 3 3 5 6 2 2 4 0 4 2 4 2 1 1 0 0 3 4 4 2 2 4 2 3 2 4 2 2 2 3 0 3 4 3 3 3 2 3 5 4 3 1 7 1 3 5 0 0 2 2 5 6 4 3 1 4 3 2 6 1 3 3 5 1 1 1 2 2 3 5 2 3 3 6 4 5 5 6 1 4 5 4 2 3 4 4 5 3 1 3 5 3 5 1 9 6 7 11 26 21 35 55 58 46 47 54 58 44 46 51 48 44 45 50 62 73 66 60 71 67 70 68 75 98 70 99 88 87 99 115 119 170 412 661 604 271 77 21 5 2 0 0 0 0 0 0 0 0 0 0 0 0 0 0 0 0 0 0 0 0 0 0 0 0 0 0 0 0 0 0 0 0 0 0 0 0 0 0 0 0 0 0 0 0 0 0 0 0 0 
0 0 0 0 0 0 0 0 0 0 0 0 0 0 0 0 0 0 0 0 0 0 0 0 0 0 0 0 0 0 0 0 0 0 0 0 2 1 0 0 2 1 1 3 2 3 3 1 1 2 2 3 2 1 3 3 2 3 4 0 1 5 3 3 2 2 0 1 0 0 2 0 2 2 1 1 1 0 0 0 0 0 0 0 1 0 3 0 1 0 0 0 1 0 1 1 2 5 4 3 3 1 2 0 1 0 1 2 1 4 2 0 2 1 2 2 0 1 2 2 7 1 2 2 0 0 3 2 1 0 1 2 2 1 0 0 1 0 2 1 2 2 2 1 2 0 0 2 4 3 2 2 2 5 4 1 3 1 3 4 4 3 4 2 3 2 2 0 2 3 3 3 4 5 2 6 3 4 4 3 8 5 7 4 8 1 2 5 4 5 3 6 4 6 5 9 8 7 18 59 238 949 1605 1548 1095 323 36 12 3 1 0 0 0 0 0 0 0 0 0 0 0 0 0 0 0 0 0 0 0 0 0 0 0 0 0 0 0 0 0 0 0 0 0 0 0 0 0 0 0 0 0 0 0 0 0 0 
0 0 0 0 0 0 0 0 0 0 0 0 0 0 0 0 0 0 0 0 1 1 2 6 3 8 11 24 33 43 97 141 195 237 347 391 407 450 462 500 432 443 346 255 184 132 109 81 66 56 36 44 42 34 22 23 16 14 17 23 21 7 5 1 12 4 8 9 5 4 4 2 5 6 3 4 1 2 4 3 4 1 4 8 5 1 3 1 5 2 4 7 3 1 3 4 3 3 3 4 2 3 1 5 5 5 4 1 4 0 3 8 1 0 1 5 2 1 2 3 3 6 8 3 5 2 3 2 4 1 4 3 2 5 3 3 4 1 0 2 0 1 0 0 1 0 0 0 0 0 0 1 2 0 0 1 1 0 0 0 2 0 2 0 1 2 1 1 0 0 2 5 2 3 3 1 0 5 1 3 7 6 2 2 3 3 0 4 3 1 1 5 3 10 1 0 4 4 3 5 12 17 17 14 11 14 7 4 2 2 0 0 0 0 0 0 0 0 0 0 0 0 0 0 0 0 0 0 0 0 0 0 0 0 0 0 0 0 0 0 0 0 0 0 0 0 0 0 0 0 0 0 0 0 0 0 
0 0 0 0 0 0 0 0 0 0 0 0 0 0 0 0 0 0 0 0 0 0 2 3 8 20 33 41 60 58 57 86 105 127 117 151 118 135 147 137 124 148 118 94 59 62 65 36 45 33 38 33 47 36 27 30 26 29 29 23 20 25 18 19 19 19 16 9 11 7 2 13 7 5 8 5 9 12 8 9 7 6 4 6 7 4 3 4 2 3 5 6 4 3 8 5 2 6 9 5 2 6 6 6 5 4 2 3 2 6 5 4 5 1 6 1 2 5 1 3 4 3 1 4 1 5 4 3 3 3 1 2 3 1 4 3 4 6 6 5 3 8 6 5 7 1 8 7 6 4 10 3 7 11 21 13 18 15 19 36 29 44 43 38 22 14 24 16 14 11 15 10 21 14 17 23 14 29 29 58 49 40 48 43 42 31 32 37 38 35 41 39 40 43 40 39 34 41 46 36 53 102 132 219 402 420 258 131 45 4 0 0 0 0 0 0 0 0 0 0 0 0 0 0 0 0 0 0 0 0 0 0 0 0 0 0 0 0 0 0 0 0 0 0 0 0 0 0 0 0 0 0 0 0 0 0 
0 0 0 0 0 0 0 0 0 0 0 0 0 0 0 0 0 0 0 0 0 0 0 0 1 3 5 17 34 89 147 153 204 245 320 401 480 594 630 616 405 349 214 133 102 86 83 59 40 40 27 25 26 18 24 21 10 10 12 11 4 6 12 6 6 6 4 5 3 5 7 10 14 14 15 11 17 7 12 7 5 7 6 6 3 4 2 3 2 1 3 3 1 4 1 5 3 3 2 4 3 3 3 2 4 1 0 1 1 1 1 0 0 0 1 0 2 1 2 2 2 1 3 1 2 2 2 2 4 0 5 3 2 1 2 2 2 4 0 1 3 4 4 7 6 10 10 12 6 4 2 3 5 3 4 9 7 1 2 2 1 4 3 0 3 2 2 3 0 1 1 1 2 2 3 0 2 2 2 0 1 0 0 2 2 1 5 1 6 4 5 7 1 7 9 6 10 5 4 9 4 9 9 12 12 8 10 6 2 3 1 0 0 0 0 0 0 0 0 0 0 0 0 0 0 0 0 0 0 0 0 0 0 0 0 0 0 0 0 0 0 0 0 0 0 0 0 0 0 0 0 0 0 0 0 0 
0 0 0 0 0 0 0 0 0 0 0 0 0 0 0 0 0 0 0 0 0 0 2 4 2 15 14 25 20 14 21 16 20 33 51 64 57 47 63 69 75 76 68 58 80 80 43 63 59 59 50 58 34 34 38 35 35 30 26 16 15 22 18 24 15 15 16 12 17 10 11 12 20 13 10 6 6 15 7 10 7 13 7 6 6 6 5 6 3 3 9 4 7 4 2 3 5 4 1 5 1 4 4 2 4 3 1 1 3 4 1 2 3 1 1 2 7 1 2 0 5 3 3 5 1 2 4 5 5 3 6 5 6 6 4 11 2 2 1 5 5 5 3 4 7 4 5 3 4 3 3 4 9 2 2 4 2 2 4 5 2 3 2 2 5 2 1 5 2 10 3 5 6 1 8 7 5 4 4 0 3 5 7 3 4 5 14 10 18 17 21 34 38 36 24 32 36 27 50 47 46 67 87 131 456 826 875 769 262 49 13 4 0 2 1 0 0 0 0 0 0 0 0 0 0 0 0 0 0 0 0 0 0 0 0 0 0 0 0 0 0 0 0 0 0 0 0 0 0 0 0 0 0 0 0 0 
